96.49609375 165.26171875 3512.43359375 36242.5859375 2678.3984375 24534.1484375 14.0 39.2406 -94.7861 55759100.0
 96.49609375 165.26171875 3512.43359375 36242.5859375 2678.3984375 24534.1484375 14.0 39.2406 -94.7861 55759100.0
 96.49609375 165.26171875 3512.43359375 36242.5859375 2678.3984375 24534.1484375 14.0 39.2406 -94.7861 55759100.0
 96.49609375 165.26171875 3512.43359375 36242.5859375 2678.3984375 24534.1484375 14.0 39.2406 -94.7861 55759100.0
 96.49609375 165.26171875 3512.43359375 36242.5859375 2678.3984375 24534.1484375 14.0 39.2406 -94.7861 55759100.0
 96.49609375 165.26171875 3512.43359375 36242.5859375 2678.3984375 24534.1484375 14.0 39.2406 -94.7861 55759100.0
 96.49609375 165.26171875 3512.43359375 36242.5859375 2678.3984375 24534.1484375 14.0 39.2406 -94.7861 55759100.0
 96.49609375 165.26171875 3512.43359375 36242.5859375 2678.3984375 24534.1484375 14.0 39.2406 -94.7861 55759100.0
 96.49609375 165.26171875 3512.43359375 36242.5859375 2678.3984375 24534.1484375 14.0 39.2406 -94.7861 55759100.0
 96.49609375 165.26171875 3512.43359375 36242.5859375 2678.3984375 24534.1484375 14.0 39.2406 -94.7861 55759100.0
 96.49609375 165.26171875 3512.43359375 36242.5859375 2678.3984375 24534.1484375 14.0 39.2406 -94.7861 55759100.0
 96.49609375 165.26171875 3512.43359375 36242.5859375 2678.3984375 24534.1484375 14.0 39.2406 -94.7861 55759100.0
 96.49609375 165.26171875 3512.43359375 36242.5859375 2678.3984375 24534.1484375 14.0 39.2406 -94.7861 55759100.0
 96.49609375 165.26171875 3512.43359375 36242.5859375 2678.3984375 24534.1484375 14.0 39.2406 -94.7861 55759100.0
 96.49609375 165.26171875 3512.43359375 36242.5859375 2678.3984375 24534.1484375 14.0 39.2406 -94.7861 55759100.0
 96.49609375 165.26171875 3512.43359375 36242.5859375 2678.3984375 24534.1484375 14.0 39.2406 -94.7861 55759100.0
 96.49609375 165.26171875 3512.43359375 36242.5859375 2678.3984375 24534.1484375 14.0 39.2406 -94.7861 55759100.0
 96.49609375 165.26171875 3512.43359375 36242.5859375 2678.3984375 24534.1484375 14.0 39.2406 -94.7861 55759100.0
 96.49609375 165.26171875 3512.43359375 36242.5859375 2678.3984375 24534.1484375 14.0 39.2406 -94.7861 55759100.0
 96.49609375 165.26171875 3512.43359375 36242.5859375 2678.3984375 24534.1484375 14.0 39.2406 -94.7861 55759100.0
 96.49609375 165.26171875 3512.43359375 36242.5859375 2678.3984375 24534.1484375 14.0 39.2406 -94.7861 55759100.0
 96.49609375 165.26171875 3512.43359375 36242.5859375 2678.3984375 24534.1484375 14.0 39.2406 -94.7861 55759100.0
 96.49609375 165.26171875 3512.43359375 36242.5859375 2678.3984375 24534.1484375 14.0 39.2406 -94.7861 55759100.0
 96.49609375 165.26171875 3512.43359375 36242.5859375 2678.3984375 24534.1484375 14.0 39.2406 -94.7861 55759100.0
 96.49609375 165.26171875 3512.43359375 36242.5859375 2678.3984375 24534.1484375 14.0 39.2406 -94.7861 55759100.0
 96.49609375 165.26171875 3512.43359375 36242.5859375 2678.3984375 24534.1484375 14.0 39.2406 -94.7861 55759100.0
 96.49609375 165.26171875 3512.43359375 36242.5859375 2678.3984375 24534.1484375 14.0 39.2406 -94.7861 55759100.0
 96.49609375 165.26171875 3512.43359375 36242.5859375 2678.3984375 24534.1484375 14.0 39.2406 -94.7861 55759100.0
 96.49609375 165.26171875 3512.43359375 36242.5859375 2678.3984375 24534.1484375 14.0 39.2406 -94.7861 55759100.0
 96.49609375 165.26171875 3512.43359375 36242.5859375 2678.3984375 24534.1484375 14.0 39.2406 -94.7861 55759100.0
 96.49609375 165.26171875 3512.43359375 36242.5859375 2678.3984375 24534.1484375 14.0 39.2406 -94.7861 55759100.0
 96.49609375 165.26171875 3512.43359375 36242.5859375 2678.3984375 24534.1484375 14.0 39.2406 -94.7861 55759100.0
 96.49609375 165.26171875 3512.43359375 36242.5859375 2678.3984375 24534.1484375 14.0 39.2406 -94.7861 55759100.0
 96.49609375 165.26171875 3512.43359375 36242.5859375 2678.3984375 24534.1484375 14.0 39.2406 -94.7861 55759100.0
 96.49609375 165.26171875 3512.43359375 36242.5859375 2678.3984375 24534.1484375 14.0 39.2406 -94.7861 55759100.0
 96.49609375 165.26171875 3512.43359375 36242.5859375 2678.3984375 24534.1484375 14.0 39.2406 -94.7861 55759100.0
 96.49609375 165.26171875 3512.43359375 36242.5859375 2678.3984375 24534.1484375 14.0 39.2406 -94.7861 55759100.0
 96.49609375 165.26171875 3512.43359375 36242.5859375 2678.3984375 24534.1484375 14.0 39.2406 -94.7861 55759100.0
 96.49609375 165.26171875 3512.43359375 36242.5859375 2678.3984375 24534.1484375 14.0 39.2406 -94.7861 55759100.0
 96.49609375 165.26171875 3512.43359375 36242.5859375 2678.3984375 24534.1484375 14.0 39.2406 -94.7861 55759100.0
 96.49609375 165.26171875 3512.43359375 36242.5859375 2678.3984375 24534.1484375 14.0 39.2406 -94.7861 55759100.0
 96.49609375 165.26171875 3512.43359375 36242.5859375 2678.3984375 24534.1484375 14.0 39.2406 -94.7861 55759100.0
 96.49609375 165.26171875 3512.43359375 36242.5859375 2678.3984375 24534.1484375 14.0 39.2406 -94.7861 55759100.0
 96.49609375 165.26171875 3512.43359375 36242.5859375 2678.3984375 24534.1484375 14.0 39.2406 -94.7861 55759100.0
 96.49609375 165.26171875 3512.43359375 36242.5859375 2678.3984375 24534.1484375 14.0 39.2406 -94.7861 55759100.0
 96.49609375 165.26171875 3512.43359375 36242.5859375 2678.3984375 24534.1484375 14.0 39.2406 -94.7861 55759100.0
 96.49609375 165.26171875 3512.43359375 36242.5859375 2678.3984375 24534.1484375 14.0 39.2406 -94.7861 55759100.0
 96.49609375 165.26171875 3512.43359375 36242.5859375 2678.3984375 24534.1484375 14.0 39.2406 -94.7861 55759100.0
 96.49609375 165.26171875 3512.43359375 36242.5859375 2678.3984375 24534.1484375 14.0 39.2406 -94.7861 55759100.0
 96.49609375 165.26171875 3512.43359375 36242.5859375 2678.3984375 24534.1484375 14.0 39.2406 -94.7861 55759100.0
 96.49609375 165.26171875 3512.43359375 36242.5859375 2678.3984375 24534.1484375 14.0 39.2406 -94.7861 55759100.0
 96.49609375 165.26171875 3512.43359375 36242.5859375 2678.3984375 24534.1484375 14.0 39.2406 -94.7861 55759100.0
 96.49609375 165.26171875 3512.43359375 36242.5859375 2678.3984375 24534.1484375 14.0 39.2406 -94.7861 55759100.0
 96.49609375 165.26171875 3512.43359375 36242.5859375 2678.3984375 24534.1484375 14.0 39.2406 -94.7861 55759100.0
 96.49609375 165.26171875 3512.43359375 36242.5859375 2678.3984375 24534.1484375 14.0 39.2406 -94.7861 55759100.0
 96.49609375 165.26171875 3512.43359375 36242.5859375 2678.3984375 24534.1484375 14.0 39.2406 -94.7861 55759100.0
 96.49609375 165.26171875 3512.43359375 36242.5859375 2678.3984375 24534.1484375 14.0 39.2406 -94.7861 55759100.0
 96.49609375 165.26171875 3512.43359375 36242.5859375 2678.3984375 24534.1484375 14.0 39.2406 -94.7861 55759100.0
 96.49609375 165.26171875 3512.43359375 36242.5859375 2678.3984375 24534.1484375 14.0 39.2406 -94.7861 55759100.0
 96.49609375 165.26171875 3512.43359375 36242.5859375 2678.3984375 24534.1484375 14.0 39.2406 -94.7861 55759100.0
 96.49609375 165.26171875 3512.43359375 36242.5859375 2678.3984375 24534.1484375 14.0 39.2406 -94.7861 55759100.0
 96.49609375 165.26171875 3512.43359375 36242.5859375 2678.3984375 24534.1484375 14.0 39.2406 -94.7861 55759100.0
 96.49609375 165.26171875 3512.43359375 36242.5859375 2678.3984375 24534.1484375 14.0 39.2406 -94.7861 55759100.0
 96.49609375 165.26171875 3512.43359375 36242.5859375 2678.3984375 24534.1484375 14.0 39.2406 -94.7861 55759100.0
 