60.203125 151.890625 411.671875 17606.65625 25412.28125 30876.21875 9.0 36.2863 -94.9131 50684300.0
 60.203125 151.890625 411.671875 17606.65625 25412.28125 30876.21875 9.0 36.2863 -94.9131 50684300.0
 60.203125 151.890625 411.671875 17606.65625 25412.28125 30876.21875 9.0 36.2863 -94.9131 50684300.0
 60.203125 151.890625 411.671875 17606.65625 25412.28125 30876.21875 9.0 36.2863 -94.9131 50684300.0
 60.203125 151.890625 411.671875 17606.65625 25412.28125 30876.21875 9.0 36.2863 -94.9131 50684300.0
 60.203125 151.890625 411.671875 17606.65625 25412.28125 30876.21875 9.0 36.2863 -94.9131 50684300.0
 60.203125 151.890625 411.671875 17606.65625 25412.28125 30876.21875 9.0 36.2863 -94.9131 50684300.0
 60.203125 151.890625 411.671875 17606.65625 25412.28125 30876.21875 9.0 36.2863 -94.9131 50684300.0
 60.203125 151.890625 411.671875 17606.65625 25412.28125 30876.21875 9.0 36.2863 -94.9131 50684300.0
 60.203125 151.890625 411.671875 17606.65625 25412.28125 30876.21875 9.0 36.2863 -94.9131 50684300.0
 60.203125 151.890625 411.671875 17606.65625 25412.28125 30876.21875 9.0 36.2863 -94.9131 50684300.0
 60.203125 151.890625 411.671875 17606.65625 25412.28125 30876.21875 9.0 36.2863 -94.9131 50684300.0
 60.203125 151.890625 411.671875 17606.65625 25412.28125 30876.21875 9.0 36.2863 -94.9131 50684300.0
 60.203125 151.890625 411.671875 17606.65625 25412.28125 30876.21875 9.0 36.2863 -94.9131 50684300.0
 60.203125 151.890625 411.671875 17606.65625 25412.28125 30876.21875 9.0 36.2863 -94.9131 50684300.0
 60.203125 151.890625 411.671875 17606.65625 25412.28125 30876.21875 9.0 36.2863 -94.9131 50684300.0
 60.203125 151.890625 411.671875 17606.65625 25412.28125 30876.21875 9.0 36.2863 -94.9131 50684300.0
 60.203125 151.890625 411.671875 17606.65625 25412.28125 30876.21875 9.0 36.2863 -94.9131 50684300.0
 60.203125 151.890625 411.671875 17606.65625 25412.28125 30876.21875 9.0 36.2863 -94.9131 50684300.0
 60.203125 151.890625 411.671875 17606.65625 25412.28125 30876.21875 9.0 36.2863 -94.9131 50684300.0
 60.203125 151.890625 411.671875 17606.65625 25412.28125 30876.21875 9.0 36.2863 -94.9131 50684300.0
 60.203125 151.890625 411.671875 17606.65625 25412.28125 30876.21875 9.0 36.2863 -94.9131 50684300.0
 60.203125 151.890625 411.671875 17606.65625 25412.28125 30876.21875 9.0 36.2863 -94.9131 50684300.0
 60.203125 151.890625 411.671875 17606.65625 25412.28125 30876.21875 9.0 36.2863 -94.9131 50684300.0
 60.203125 151.890625 411.671875 17606.65625 25412.28125 30876.21875 9.0 36.2863 -94.9131 50684300.0
 60.203125 151.890625 411.671875 17606.65625 25412.28125 30876.21875 9.0 36.2863 -94.9131 50684300.0
 60.203125 151.890625 411.671875 17606.65625 25412.28125 30876.21875 9.0 36.2863 -94.9131 50684300.0
 60.203125 151.890625 411.671875 17606.65625 25412.28125 30876.21875 9.0 36.2863 -94.9131 50684300.0
 60.203125 151.890625 411.671875 17606.65625 25412.28125 30876.21875 9.0 36.2863 -94.9131 50684300.0
 60.203125 151.890625 411.671875 17606.65625 25412.28125 30876.21875 9.0 36.2863 -94.9131 50684300.0
 60.203125 151.890625 411.671875 17606.65625 25412.28125 30876.21875 9.0 36.2863 -94.9131 50684300.0
 60.203125 151.890625 411.671875 17606.65625 25412.28125 30876.21875 9.0 36.2863 -94.9131 50684300.0
 60.203125 151.890625 411.671875 17606.65625 25412.28125 30876.21875 9.0 36.2863 -94.9131 50684300.0
 60.203125 151.890625 411.671875 17606.65625 25412.28125 30876.21875 9.0 36.2863 -94.9131 50684300.0
 60.203125 151.890625 411.671875 17606.65625 25412.28125 30876.21875 9.0 36.2863 -94.9131 50684300.0
 60.203125 151.890625 411.671875 17606.65625 25412.28125 30876.21875 9.0 36.2863 -94.9131 50684300.0
 60.203125 151.890625 411.671875 17606.65625 25412.28125 30876.21875 9.0 36.2863 -94.9131 50684300.0
 60.203125 151.890625 411.671875 17606.65625 25412.28125 30876.21875 9.0 36.2863 -94.9131 50684300.0
 60.203125 151.890625 411.671875 17606.65625 25412.28125 30876.21875 9.0 36.2863 -94.9131 50684300.0
 60.203125 151.890625 411.671875 17606.65625 25412.28125 30876.21875 9.0 36.2863 -94.9131 50684300.0
 60.203125 151.890625 411.671875 17606.65625 25412.28125 30876.21875 9.0 36.2863 -94.9131 50684300.0
 60.203125 151.890625 411.671875 17606.65625 25412.28125 30876.21875 9.0 36.2863 -94.9131 50684300.0
 60.203125 151.890625 411.671875 17606.65625 25412.28125 30876.21875 9.0 36.2863 -94.9131 50684300.0
 60.203125 151.890625 411.671875 17606.65625 25412.28125 30876.21875 9.0 36.2863 -94.9131 50684300.0
 60.203125 151.890625 411.671875 17606.65625 25412.28125 30876.21875 9.0 36.2863 -94.9131 50684300.0
 60.203125 151.890625 411.671875 17606.65625 25412.28125 30876.21875 9.0 36.2863 -94.9131 50684300.0
 60.203125 151.890625 411.671875 17606.65625 25412.28125 30876.21875 9.0 36.2863 -94.9131 50684300.0
 60.203125 151.890625 411.671875 17606.65625 25412.28125 30876.21875 9.0 36.2863 -94.9131 50684300.0
 60.203125 151.890625 411.671875 17606.65625 25412.28125 30876.21875 9.0 36.2863 -94.9131 50684300.0
 60.203125 151.890625 411.671875 17606.65625 25412.28125 30876.21875 9.0 36.2863 -94.9131 50684300.0
 60.203125 151.890625 411.671875 17606.65625 25412.28125 30876.21875 9.0 36.2863 -94.9131 50684300.0
 60.203125 151.890625 411.671875 17606.65625 25412.28125 30876.21875 9.0 36.2863 -94.9131 50684300.0
 60.203125 151.890625 411.671875 17606.65625 25412.28125 30876.21875 9.0 36.2863 -94.9131 50684300.0
 60.203125 151.890625 411.671875 17606.65625 25412.28125 30876.21875 9.0 36.2863 -94.9131 50684300.0
 60.203125 151.890625 411.671875 17606.65625 25412.28125 30876.21875 9.0 36.2863 -94.9131 50684300.0
 60.203125 151.890625 411.671875 17606.65625 25412.28125 30876.21875 9.0 36.2863 -94.9131 50684300.0
 60.203125 151.890625 411.671875 17606.65625 25412.28125 30876.21875 9.0 36.2863 -94.9131 50684300.0
 60.203125 151.890625 411.671875 17606.65625 25412.28125 30876.21875 9.0 36.2863 -94.9131 50684300.0
 60.203125 151.890625 411.671875 17606.65625 25412.28125 30876.21875 9.0 36.2863 -94.9131 50684300.0
 60.203125 151.890625 411.671875 17606.65625 25412.28125 30876.21875 9.0 36.2863 -94.9131 50684300.0
 60.203125 151.890625 411.671875 17606.65625 25412.28125 30876.21875 9.0 36.2863 -94.9131 50684300.0
 60.203125 151.890625 411.671875 17606.65625 25412.28125 30876.21875 9.0 36.2863 -94.9131 50684300.0
 60.203125 151.890625 411.671875 17606.65625 25412.28125 30876.21875 9.0 36.2863 -94.9131 50684300.0
 60.203125 151.890625 411.671875 17606.65625 25412.28125 30876.21875 9.0 36.2863 -94.9131 50684300.0
 60.203125 151.890625 411.671875 17606.65625 25412.28125 30876.21875 9.0 36.2863 -94.9131 50684300.0
 60.203125 151.890625 411.671875 17606.65625 25412.28125 30876.21875 9.0 36.2863 -94.9131 50684300.0
 60.203125 151.890625 411.671875 17606.65625 25412.28125 30876.21875 9.0 36.2863 -94.9131 50684300.0
 60.203125 151.890625 411.671875 17606.65625 25412.28125 30876.21875 9.0 36.2863 -94.9131 50684300.0
 60.203125 151.890625 411.671875 17606.65625 25412.28125 30876.21875 9.0 36.2863 -94.9131 50684300.0
 60.203125 151.890625 411.671875 17606.65625 25412.28125 30876.21875 9.0 36.2863 -94.9131 50684300.0
 60.203125 151.890625 411.671875 17606.65625 25412.28125 30876.21875 9.0 36.2863 -94.9131 50684300.0
 60.203125 151.890625 411.671875 17606.65625 25412.28125 30876.21875 9.0 36.2863 -94.9131 50684300.0
 60.203125 151.890625 411.671875 17606.65625 25412.28125 30876.21875 9.0 36.2863 -94.9131 50684300.0
 60.203125 151.890625 411.671875 17606.65625 25412.28125 30876.21875 9.0 36.2863 -94.9131 50684300.0
 60.203125 151.890625 411.671875 17606.65625 25412.28125 30876.21875 9.0 36.2863 -94.9131 50684300.0
 60.203125 151.890625 411.671875 17606.65625 25412.28125 30876.21875 9.0 36.2863 -94.9131 50684300.0
 60.203125 151.890625 411.671875 17606.65625 25412.28125 30876.21875 9.0 36.2863 -94.9131 50684300.0
 60.203125 151.890625 411.671875 17606.65625 25412.28125 30876.21875 9.0 36.2863 -94.9131 50684300.0
 60.203125 151.890625 411.671875 17606.65625 25412.28125 30876.21875 9.0 36.2863 -94.9131 50684300.0
 60.203125 151.890625 411.671875 17606.65625 25412.28125 30876.21875 9.0 36.2863 -94.9131 50684300.0
 60.203125 151.890625 411.671875 17606.65625 25412.28125 30876.21875 9.0 36.2863 -94.9131 50684300.0
 60.203125 151.890625 411.671875 17606.65625 25412.28125 30876.21875 9.0 36.2863 -94.9131 50684300.0
 60.203125 151.890625 411.671875 17606.65625 25412.28125 30876.21875 9.0 36.2863 -94.9131 50684300.0
 60.203125 151.890625 411.671875 17606.65625 25412.28125 30876.21875 9.0 36.2863 -94.9131 50684300.0
 60.203125 151.890625 411.671875 17606.65625 25412.28125 30876.21875 9.0 36.2863 -94.9131 50684300.0
 60.203125 151.890625 411.671875 17606.65625 25412.28125 30876.21875 9.0 36.2863 -94.9131 50684300.0
 60.203125 151.890625 411.671875 17606.65625 25412.28125 30876.21875 9.0 36.2863 -94.9131 50684300.0
 60.203125 151.890625 411.671875 17606.65625 25412.28125 30876.21875 9.0 36.2863 -94.9131 50684300.0
 60.203125 151.890625 411.671875 17606.65625 25412.28125 30876.21875 9.0 36.2863 -94.9131 50684300.0
 60.203125 151.890625 411.671875 17606.65625 25412.28125 30876.21875 9.0 36.2863 -94.9131 50684300.0
 60.203125 151.890625 411.671875 17606.65625 25412.28125 30876.21875 9.0 36.2863 -94.9131 50684300.0
 60.203125 151.890625 411.671875 17606.65625 25412.28125 30876.21875 9.0 36.2863 -94.9131 50684300.0
 60.203125 151.890625 411.671875 17606.65625 25412.28125 30876.21875 9.0 36.2863 -94.9131 50684300.0
 60.203125 151.890625 411.671875 17606.65625 25412.28125 30876.21875 9.0 36.2863 -94.9131 50684300.0
 60.203125 151.890625 411.671875 17606.65625 25412.28125 30876.21875 9.0 36.2863 -94.9131 50684300.0
 60.203125 151.890625 411.671875 17606.65625 25412.28125 30876.21875 9.0 36.2863 -94.9131 50684300.0
 60.203125 151.890625 411.671875 17606.65625 25412.28125 30876.21875 9.0 36.2863 -94.9131 50684300.0
 60.203125 151.890625 411.671875 17606.65625 25412.28125 30876.21875 9.0 36.2863 -94.9131 50684300.0
 60.203125 151.890625 411.671875 17606.65625 25412.28125 30876.21875 9.0 36.2863 -94.9131 50684300.0
 60.203125 151.890625 411.671875 17606.65625 25412.28125 30876.21875 9.0 36.2863 -94.9131 50684300.0
 60.203125 151.890625 411.671875 17606.65625 25412.28125 30876.21875 9.0 36.2863 -94.9131 50684300.0
 60.203125 151.890625 411.671875 17606.65625 25412.28125 30876.21875 9.0 36.2863 -94.9131 50684300.0
 60.203125 151.890625 411.671875 17606.65625 25412.28125 30876.21875 9.0 36.2863 -94.9131 50684300.0
 60.203125 151.890625 411.671875 17606.65625 25412.28125 30876.21875 9.0 36.2863 -94.9131 50684300.0
 60.203125 151.890625 411.671875 17606.65625 25412.28125 30876.21875 9.0 36.2863 -94.9131 50684300.0
 60.203125 151.890625 411.671875 17606.65625 25412.28125 30876.21875 9.0 36.2863 -94.9131 50684300.0
 60.203125 151.890625 411.671875 17606.65625 25412.28125 30876.21875 9.0 36.2863 -94.9131 50684300.0
 60.203125 151.890625 411.671875 17606.65625 25412.28125 30876.21875 9.0 36.2863 -94.9131 50684300.0
 60.203125 151.890625 411.671875 17606.65625 25412.28125 30876.21875 9.0 36.2863 -94.9131 50684300.0
 60.203125 151.890625 411.671875 17606.65625 25412.28125 30876.21875 9.0 36.2863 -94.9131 50684300.0
 60.203125 151.890625 411.671875 17606.65625 25412.28125 30876.21875 9.0 36.2863 -94.9131 50684300.0
 60.203125 151.890625 411.671875 17606.65625 25412.28125 30876.21875 9.0 36.2863 -94.9131 50684300.0
 60.203125 151.890625 411.671875 17606.65625 25412.28125 30876.21875 9.0 36.2863 -94.9131 50684300.0
 60.203125 151.890625 411.671875 17606.65625 25412.28125 30876.21875 9.0 36.2863 -94.9131 50684300.0
 60.203125 151.890625 411.671875 17606.65625 25412.28125 30876.21875 9.0 36.2863 -94.9131 50684300.0
 60.203125 151.890625 411.671875 17606.65625 25412.28125 30876.21875 9.0 36.2863 -94.9131 50684300.0
 60.203125 151.890625 411.671875 17606.65625 25412.28125 30876.21875 9.0 36.2863 -94.9131 50684300.0
 60.203125 151.890625 411.671875 17606.65625 25412.28125 30876.21875 9.0 36.2863 -94.9131 50684300.0
 60.203125 151.890625 411.671875 17606.65625 25412.28125 30876.21875 9.0 36.2863 -94.9131 50684300.0
 60.203125 151.890625 411.671875 17606.65625 25412.28125 30876.21875 9.0 36.2863 -94.9131 50684300.0
 60.203125 151.890625 411.671875 17606.65625 25412.28125 30876.21875 9.0 36.2863 -94.9131 50684300.0
 60.203125 151.890625 411.671875 17606.65625 25412.28125 30876.21875 9.0 36.2863 -94.9131 50684300.0
 60.203125 151.890625 411.671875 17606.65625 25412.28125 30876.21875 9.0 36.2863 -94.9131 50684300.0
 60.203125 151.890625 411.671875 17606.65625 25412.28125 30876.21875 9.0 36.2863 -94.9131 50684300.0
 60.203125 151.890625 411.671875 17606.65625 25412.28125 30876.21875 9.0 36.2863 -94.9131 50684300.0
 60.203125 151.890625 411.671875 17606.65625 25412.28125 30876.21875 9.0 36.2863 -94.9131 50684300.0
 60.203125 151.890625 411.671875 17606.65625 25412.28125 30876.21875 9.0 36.2863 -94.9131 50684300.0
 60.203125 151.890625 411.671875 17606.65625 25412.28125 30876.21875 9.0 36.2863 -94.9131 50684300.0
 142.9969829095308 70.86201083504467 999.9380348690221 45780.140283725304 1961.1023615232602 47643.49116538875 20.0 38.3173 -93.985 64435200.0
 142.5773944794432 76.48775359198825 999.9213097627322 45806.60693200239 1358.4522348089658 48428.80016255397 20.0 38.5577 -94.5345 64226800.0
 142.5773944794432 76.48775359198825 999.9213097627322 45806.60693200239 1358.4522348089658 48428.80016255397 20.0 38.5577 -94.5345 64226800.0
 142.5773944794432 76.48775359198825 999.9213097627322 45806.60693200239 1358.4522348089658 48428.80016255397 20.0 38.5577 -94.5345 64226800.0
 142.5773944794432 76.48775359198825 999.9213097627322 45806.60693200239 1358.4522348089658 48428.80016255397 20.0 38.5577 -94.5345 64226800.0
 142.5773944794432 76.48775359198825 999.9213097627322 45806.60693200239 1358.4522348089658 48428.80016255397 20.0 38.5577 -94.5345 64226800.0
 142.5773944794432 76.48775359198825 999.9213097627322 45806.60693200239 1358.4522348089658 48428.80016255397 20.0 38.5577 -94.5345 64226800.0
 142.5773944794432 76.48775359198825 999.9213097627322 45806.60693200239 1358.4522348089658 48428.80016255397 20.0 38.5577 -94.5345 64226800.0
 142.5773944794432 76.48775359198825 999.9213097627322 45806.60693200239 1358.4522348089658 48428.80016255397 20.0 38.5577 -94.5345 64226800.0
 142.5773944794432 76.48775359198825 999.9213097627322 45806.60693200239 1358.4522348089658 48428.80016255397 20.0 38.5577 -94.5345 64226800.0
 142.5773944794432 76.48775359198825 999.9213097627322 45806.60693200239 1358.4522348089658 48428.80016255397 20.0 38.5577 -94.5345 64226800.0
 142.5773944794432 76.48775359198825 999.9213097627322 45806.60693200239 1358.4522348089658 48428.80016255397 20.0 38.5577 -94.5345 64226800.0
 142.5773944794432 76.48775359198825 999.9213097627322 45806.60693200239 1358.4522348089658 48428.80016255397 20.0 38.5577 -94.5345 64226800.0
 142.5773944794432 76.48775359198825 999.9213097627322 45806.60693200239 1358.4522348089658 48428.80016255397 20.0 38.5577 -94.5345 64226800.0
 142.5773944794432 76.48775359198825 999.9213097627322 45806.60693200239 1358.4522348089658 48428.80016255397 20.0 38.5577 -94.5345 64226800.0
 142.5773944794432 76.48775359198825 999.9213097627322 45806.60693200239 1358.4522348089658 48428.80016255397 20.0 38.5577 -94.5345 64226800.0
 142.5773944794432 76.48775359198825 999.9213097627322 45806.60693200239 1358.4522348089658 48428.80016255397 20.0 38.5577 -94.5345 64226800.0
 142.5773944794432 76.48775359198825 999.9213097627322 45806.60693200239 1358.4522348089658 48428.80016255397 20.0 38.5577 -94.5345 64226800.0
 142.5773944794432 76.48775359198825 999.9213097627322 45806.60693200239 1358.4522348089658 48428.80016255397 20.0 38.5577 -94.5345 64226800.0
 142.5773944794432 76.48775359198825 999.9213097627322 45806.60693200239 1358.4522348089658 48428.80016255397 20.0 38.5577 -94.5345 64226800.0
 142.5773944794432 76.48775359198825 999.9213097627322 45806.60693200239 1358.4522348089658 48428.80016255397 20.0 38.5577 -94.5345 64226800.0
 142.5773944794432 76.48775359198825 999.9213097627322 45806.60693200239 1358.4522348089658 48428.80016255397 20.0 38.5577 -94.5345 64226800.0
 142.5773944794432 76.48775359198825 999.9213097627322 45806.60693200239 1358.4522348089658 48428.80016255397 20.0 38.5577 -94.5345 64226800.0
 142.5773944794432 76.48775359198825 999.9213097627322 45806.60693200239 1358.4522348089658 48428.80016255397 20.0 38.5577 -94.5345 64226800.0
 142.5773944794432 76.48775359198825 999.9213097627322 45806.60693200239 1358.4522348089658 48428.80016255397 20.0 38.5577 -94.5345 64226800.0
 142.5773944794432 76.48775359198825 999.9213097627322 45806.60693200239 1358.4522348089658 48428.80016255397 20.0 38.5577 -94.5345 64226800.0
 142.5773944794432 76.48775359198825 999.9213097627322 45806.60693200239 1358.4522348089658 48428.80016255397 20.0 38.5577 -94.5345 64226800.0
 142.5773944794432 76.48775359198825 999.9213097627322 45806.60693200239 1358.4522348089658 48428.80016255397 20.0 38.5577 -94.5345 64226800.0
 142.5773944794432 76.48775359198825 999.9213097627322 45806.60693200239 1358.4522348089658 48428.80016255397 20.0 38.5577 -94.5345 64226800.0
 142.5773944794432 76.48775359198825 999.9213097627322 45806.60693200239 1358.4522348089658 48428.80016255397 20.0 38.5577 -94.5345 64226800.0
 142.97972862966077 73.60145964794808 999.9461710567874 45892.20221921153 1737.8297622367843 47824.21983218893 20.0 38.5923 -94.1971 64426200.0
 142.97972862966077 73.60145964794808 999.9461710567874 45892.20221921153 1737.8297622367843 47824.21983218893 20.0 38.5923 -94.1971 64426200.0
 142.97972862966077 73.60145964794808 999.9461710567874 45892.20221921153 1737.8297622367843 47824.21983218893 20.0 38.5923 -94.1971 64426200.0
 142.97972862966077 73.60145964794808 999.9461710567874 45892.20221921153 1737.8297622367843 47824.21983218893 20.0 38.5923 -94.1971 64426200.0
 142.97972862966077 73.60145964794808 999.9461710567874 45892.20221921153 1737.8297622367843 47824.21983218893 20.0 38.5923 -94.1971 64426200.0
 142.97972862966077 73.60145964794808 999.9461710567874 45892.20221921153 1737.8297622367843 47824.21983218893 20.0 38.5923 -94.1971 64426200.0
 142.97972862966077 73.60145964794808 999.9461710567874 45892.20221921153 1737.8297622367843 47824.21983218893 20.0 38.5923 -94.1971 64426200.0
 142.97972862966077 73.60145964794808 999.9461710567874 45892.20221921153 1737.8297622367843 47824.21983218893 20.0 38.5923 -94.1971 64426200.0
 142.97972862966077 73.60145964794808 999.9461710567874 45892.20221921153 1737.8297622367843 47824.21983218893 20.0 38.5923 -94.1971 64426200.0
 142.97972862966077 73.60145964794808 999.9461710567874 45892.20221921153 1737.8297622367843 47824.21983218893 20.0 38.5923 -94.1971 64426200.0
 142.5548111203521 75.74507248147215 999.5230809586141 45725.402978361475 1525.0613353353733 48021.88837713637 20.0 38.6737 -94.3837 64314400.0
 142.5548111203521 75.74507248147215 999.5230809586141 45725.402978361475 1525.0613353353733 48021.88837713637 20.0 38.6737 -94.3837 64314400.0
 142.5548111203521 75.74507248147215 999.5230809586141 45725.402978361475 1525.0613353353733 48021.88837713637 20.0 38.6737 -94.3837 64314400.0
 142.5548111203521 75.74507248147215 999.5230809586141 45725.402978361475 1525.0613353353733 48021.88837713637 20.0 38.6737 -94.3837 64314400.0
 142.5548111203521 75.74507248147215 999.5230809586141 45725.402978361475 1525.0613353353733 48021.88837713637 20.0 38.6737 -94.3837 64314400.0
 142.5548111203521 75.74507248147215 999.5230809586141 45725.402978361475 1525.0613353353733 48021.88837713637 20.0 38.6737 -94.3837 64314400.0
 142.5548111203521 75.74507248147215 999.5230809586141 45725.402978361475 1525.0613353353733 48021.88837713637 20.0 38.6737 -94.3837 64314400.0
 142.5548111203521 75.74507248147215 999.5230809586141 45725.402978361475 1525.0613353353733 48021.88837713637 20.0 38.6737 -94.3837 64314400.0
 142.5548111203521 75.74507248147215 999.5230809586141 45725.402978361475 1525.0613353353733 48021.88837713637 20.0 38.6737 -94.3837 64314400.0
 142.5548111203521 75.74507248147215 999.5230809586141 45725.402978361475 1525.0613353353733 48021.88837713637 20.0 38.6737 -94.3837 64314400.0
 142.5548111203521 75.74507248147215 999.5230809586141 45725.402978361475 1525.0613353353733 48021.88837713637 20.0 38.6737 -94.3837 64314400.0
 142.5548111203521 75.74507248147215 999.5230809586141 45725.402978361475 1525.0613353353733 48021.88837713637 20.0 38.6737 -94.3837 64314400.0
 142.5548111203521 75.74507248147215 999.5230809586141 45725.402978361475 1525.0613353353733 48021.88837713637 20.0 38.6737 -94.3837 64314400.0
 142.5548111203521 75.74507248147215 999.5230809586141 45725.402978361475 1525.0613353353733 48021.88837713637 20.0 38.6737 -94.3837 64314400.0
 142.5548111203521 75.74507248147215 999.5230809586141 45725.402978361475 1525.0613353353733 48021.88837713637 20.0 38.6737 -94.3837 64314400.0
 142.5548111203521 75.74507248147215 999.5230809586141 45725.402978361475 1525.0613353353733 48021.88837713637 20.0 38.6737 -94.3837 64314400.0
 142.5548111203521 75.74507248147215 999.5230809586141 45725.402978361475 1525.0613353353733 48021.88837713637 20.0 38.6737 -94.3837 64314400.0
 142.5548111203521 75.74507248147215 999.5230809586141 45725.402978361475 1525.0613353353733 48021.88837713637 20.0 38.6737 -94.3837 64314400.0
 142.5548111203521 75.74507248147215 999.5230809586141 45725.402978361475 1525.0613353353733 48021.88837713637 20.0 38.6737 -94.3837 64314400.0
 142.5548111203521 75.74507248147215 999.5230809586141 45725.402978361475 1525.0613353353733 48021.88837713637 20.0 38.6737 -94.3837 64314400.0
 142.5548111203521 75.74507248147215 999.5230809586141 45725.402978361475 1525.0613353353733 48021.88837713637 20.0 38.6737 -94.3837 64314400.0
 142.5548111203521 75.74507248147215 999.5230809586141 45725.402978361475 1525.0613353353733 48021.88837713637 20.0 38.6737 -94.3837 64314400.0
 142.5548111203521 75.74507248147215 999.5230809586141 45725.402978361475 1525.0613353353733 48021.88837713637 20.0 38.6737 -94.3837 64314400.0
 142.5548111203521 75.74507248147215 999.5230809586141 45725.402978361475 1525.0613353353733 48021.88837713637 20.0 38.6737 -94.3837 64314400.0
 142.5548111203521 75.74507248147215 999.5230809586141 45725.402978361475 1525.0613353353733 48021.88837713637 20.0 38.6737 -94.3837 64314400.0
 142.5548111203521 75.74507248147215 999.5230809586141 45725.402978361475 1525.0613353353733 48021.88837713637 20.0 38.6737 -94.3837 64314400.0
 142.5548111203521 75.74507248147215 999.5230809586141 45725.402978361475 1525.0613353353733 48021.88837713637 20.0 38.6737 -94.3837 64314400.0
 142.5548111203521 75.74507248147215 999.5230809586141 45725.402978361475 1525.0613353353733 48021.88837713637 20.0 38.6737 -94.3837 64314400.0
 142.5548111203521 75.74507248147215 999.5230809586141 45725.402978361475 1525.0613353353733 48021.88837713637 20.0 38.6737 -94.3837 64314400.0
 142.5548111203521 75.74507248147215 999.5230809586141 45725.402978361475 1525.0613353353733 48021.88837713637 20.0 38.6737 -94.3837 64314400.0
 142.5548111203521 75.74507248147215 999.5230809586141 45725.402978361475 1525.0613353353733 48021.88837713637 20.0 38.6737 -94.3837 64314400.0
 142.5548111203521 75.74507248147215 999.5230809586141 45725.402978361475 1525.0613353353733 48021.88837713637 20.0 38.6737 -94.3837 64314400.0
 142.5548111203521 75.74507248147215 999.5230809586141 45725.402978361475 1525.0613353353733 48021.88837713637 20.0 38.6737 -94.3837 64314400.0
 142.5548111203521 75.74507248147215 999.5230809586141 45725.402978361475 1525.0613353353733 48021.88837713637 20.0 38.6737 -94.3837 64314400.0
 142.5548111203521 75.74507248147215 999.5230809586141 45725.402978361475 1525.0613353353733 48021.88837713637 20.0 38.6737 -94.3837 64314400.0
 142.5548111203521 75.74507248147215 999.5230809586141 45725.402978361475 1525.0613353353733 48021.88837713637 20.0 38.6737 -94.3837 64314400.0
 142.5548111203521 75.74507248147215 999.5230809586141 45725.402978361475 1525.0613353353733 48021.88837713637 20.0 38.6737 -94.3837 64314400.0
 142.5548111203521 75.74507248147215 999.5230809586141 45725.402978361475 1525.0613353353733 48021.88837713637 20.0 38.6737 -94.3837 64314400.0
 142.5548111203521 75.74507248147215 999.5230809586141 45725.402978361475 1525.0613353353733 48021.88837713637 20.0 38.6737 -94.3837 64314400.0
 142.5548111203521 75.74507248147215 999.5230809586141 45725.402978361475 1525.0613353353733 48021.88837713637 20.0 38.6737 -94.3837 64314400.0
 142.5548111203521 75.74507248147215 999.5230809586141 45725.402978361475 1525.0613353353733 48021.88837713637 20.0 38.6737 -94.3837 64314400.0
 142.5548111203521 75.74507248147215 999.5230809586141 45725.402978361475 1525.0613353353733 48021.88837713637 20.0 38.6737 -94.3837 64314400.0
 142.5548111203521 75.74507248147215 999.5230809586141 45725.402978361475 1525.0613353353733 48021.88837713637 20.0 38.6737 -94.3837 64314400.0
 142.5548111203521 75.74507248147215 999.5230809586141 45725.402978361475 1525.0613353353733 48021.88837713637 20.0 38.6737 -94.3837 64314400.0
 142.5548111203521 75.74507248147215 999.5230809586141 45725.402978361475 1525.0613353353733 48021.88837713637 20.0 38.6737 -94.3837 64314400.0
 142.5548111203521 75.74507248147215 999.5230809586141 45725.402978361475 1525.0613353353733 48021.88837713637 20.0 38.6737 -94.3837 64314400.0
 142.5548111203521 75.74507248147215 999.5230809586141 45725.402978361475 1525.0613353353733 48021.88837713637 20.0 38.6737 -94.3837 64314400.0
 142.5548111203521 75.74507248147215 999.5230809586141 45725.402978361475 1525.0613353353733 48021.88837713637 20.0 38.6737 -94.3837 64314400.0
 142.5548111203521 75.74507248147215 999.5230809586141 45725.402978361475 1525.0613353353733 48021.88837713637 20.0 38.6737 -94.3837 64314400.0
 142.5548111203521 75.74507248147215 999.5230809586141 45725.402978361475 1525.0613353353733 48021.88837713637 20.0 38.6737 -94.3837 64314400.0
 142.5548111203521 75.74507248147215 999.5230809586141 45725.402978361475 1525.0613353353733 48021.88837713637 20.0 38.6737 -94.3837 64314400.0
 142.5548111203521 75.74507248147215 999.5230809586141 45725.402978361475 1525.0613353353733 48021.88837713637 20.0 38.6737 -94.3837 64314400.0
 142.5548111203521 75.74507248147215 999.5230809586141 45725.402978361475 1525.0613353353733 48021.88837713637 20.0 38.6737 -94.3837 64314400.0
 142.5548111203521 75.74507248147215 999.5230809586141 45725.402978361475 1525.0613353353733 48021.88837713637 20.0 38.6737 -94.3837 64314400.0
 142.5548111203521 75.74507248147215 999.5230809586141 45725.402978361475 1525.0613353353733 48021.88837713637 20.0 38.6737 -94.3837 64314400.0
 142.5548111203521 75.74507248147215 999.5230809586141 45725.402978361475 1525.0613353353733 48021.88837713637 20.0 38.6737 -94.3837 64314400.0
 142.5548111203521 75.74507248147215 999.5230809586141 45725.402978361475 1525.0613353353733 48021.88837713637 20.0 38.6737 -94.3837 64314400.0
 142.5548111203521 75.74507248147215 999.5230809586141 45725.402978361475 1525.0613353353733 48021.88837713637 20.0 38.6737 -94.3837 64314400.0
 142.5548111203521 75.74507248147215 999.5230809586141 45725.402978361475 1525.0613353353733 48021.88837713637 20.0 38.6737 -94.3837 64314400.0
 142.5548111203521 75.74507248147215 999.5230809586141 45725.402978361475 1525.0613353353733 48021.88837713637 20.0 38.6737 -94.3837 64314400.0
 142.5548111203521 75.74507248147215 999.5230809586141 45725.402978361475 1525.0613353353733 48021.88837713637 20.0 38.6737 -94.3837 64314400.0
 142.5548111203521 75.74507248147215 999.5230809586141 45725.402978361475 1525.0613353353733 48021.88837713637 20.0 38.6737 -94.3837 64314400.0
 142.5548111203521 75.74507248147215 999.5230809586141 45725.402978361475 1525.0613353353733 48021.88837713637 20.0 38.6737 -94.3837 64314400.0
 142.5548111203521 75.74507248147215 999.5230809586141 45725.402978361475 1525.0613353353733 48021.88837713637 20.0 38.6737 -94.3837 64314400.0
 142.5548111203521 75.74507248147215 999.5230809586141 45725.402978361475 1525.0613353353733 48021.88837713637 20.0 38.6737 -94.3837 64314400.0
 142.5548111203521 75.74507248147215 999.5230809586141 45725.402978361475 1525.0613353353733 48021.88837713637 20.0 38.6737 -94.3837 64314400.0
 142.5548111203521 75.74507248147215 999.5230809586141 45725.402978361475 1525.0613353353733 48021.88837713637 20.0 38.6737 -94.3837 64314400.0
 142.5548111203521 75.74507248147215 999.5230809586141 45725.402978361475 1525.0613353353733 48021.88837713637 20.0 38.6737 -94.3837 64314400.0
 142.5548111203521 75.74507248147215 999.5230809586141 45725.402978361475 1525.0613353353733 48021.88837713637 20.0 38.6737 -94.3837 64314400.0
 142.5548111203521 75.74507248147215 999.5230809586141 45725.402978361475 1525.0613353353733 48021.88837713637 20.0 38.6737 -94.3837 64314400.0
 142.5548111203521 75.74507248147215 999.5230809586141 45725.402978361475 1525.0613353353733 48021.88837713637 20.0 38.6737 -94.3837 64314400.0
 142.5548111203521 75.74507248147215 999.5230809586141 45725.402978361475 1525.0613353353733 48021.88837713637 20.0 38.6737 -94.3837 64314400.0
 142.5548111203521 75.74507248147215 999.5230809586141 45725.402978361475 1525.0613353353733 48021.88837713637 20.0 38.6737 -94.3837 64314400.0
 142.5548111203521 75.74507248147215 999.5230809586141 45725.402978361475 1525.0613353353733 48021.88837713637 20.0 38.6737 -94.3837 64314400.0
 142.5548111203521 75.74507248147215 999.5230809586141 45725.402978361475 1525.0613353353733 48021.88837713637 20.0 38.6737 -94.3837 64314400.0
 142.5548111203521 75.74507248147215 999.5230809586141 45725.402978361475 1525.0613353353733 48021.88837713637 20.0 38.6737 -94.3837 64314400.0
 142.5548111203521 75.74507248147215 999.5230809586141 45725.402978361475 1525.0613353353733 48021.88837713637 20.0 38.6737 -94.3837 64314400.0
 142.5548111203521 75.74507248147215 999.5230809586141 45725.402978361475 1525.0613353353733 48021.88837713637 20.0 38.6737 -94.3837 64314400.0
 142.5548111203521 75.74507248147215 999.5230809586141 45725.402978361475 1525.0613353353733 48021.88837713637 20.0 38.6737 -94.3837 64314400.0
 142.5548111203521 75.74507248147215 999.5230809586141 45725.402978361475 1525.0613353353733 48021.88837713637 20.0 38.6737 -94.3837 64314400.0
 142.5548111203521 75.74507248147215 999.5230809586141 45725.402978361475 1525.0613353353733 48021.88837713637 20.0 38.6737 -94.3837 64314400.0
 142.5548111203521 75.74507248147215 999.5230809586141 45725.402978361475 1525.0613353353733 48021.88837713637 20.0 38.6737 -94.3837 64314400.0
 142.5548111203521 75.74507248147215 999.5230809586141 45725.402978361475 1525.0613353353733 48021.88837713637 20.0 38.6737 -94.3837 64314400.0
 142.5548111203521 75.74507248147215 999.5230809586141 45725.402978361475 1525.0613353353733 48021.88837713637 20.0 38.6737 -94.3837 64314400.0
 142.5548111203521 75.74507248147215 999.5230809586141 45725.402978361475 1525.0613353353733 48021.88837713637 20.0 38.6737 -94.3837 64314400.0
 142.5548111203521 75.74507248147215 999.5230809586141 45725.402978361475 1525.0613353353733 48021.88837713637 20.0 38.6737 -94.3837 64314400.0
 142.5548111203521 75.74507248147215 999.5230809586141 45725.402978361475 1525.0613353353733 48021.88837713637 20.0 38.6737 -94.3837 64314400.0
 142.5548111203521 75.74507248147215 999.5230809586141 45725.402978361475 1525.0613353353733 48021.88837713637 20.0 38.6737 -94.3837 64314400.0
 