60.203125 151.890625 411.671875 17606.65625 25412.28125 30876.21875 9.0 36.2863 -94.9131 50684300.0
 60.203125 151.890625 411.671875 17606.65625 25412.28125 30876.21875 9.0 36.2863 -94.9131 50684300.0
 60.203125 151.890625 411.671875 17606.65625 25412.28125 30876.21875 9.0 36.2863 -94.9131 50684300.0
 60.203125 151.890625 411.671875 17606.65625 25412.28125 30876.21875 9.0 36.2863 -94.9131 50684300.0
 60.203125 151.890625 411.671875 17606.65625 25412.28125 30876.21875 9.0 36.2863 -94.9131 50684300.0
 60.203125 151.890625 411.671875 17606.65625 25412.28125 30876.21875 9.0 36.2863 -94.9131 50684300.0
 60.203125 151.890625 411.671875 17606.65625 25412.28125 30876.21875 9.0 36.2863 -94.9131 50684300.0
 60.203125 151.890625 411.671875 17606.65625 25412.28125 30876.21875 9.0 36.2863 -94.9131 50684300.0
 60.203125 151.890625 411.671875 17606.65625 25412.28125 30876.21875 9.0 36.2863 -94.9131 50684300.0
 60.203125 151.890625 411.671875 17606.65625 25412.28125 30876.21875 9.0 36.2863 -94.9131 50684300.0
 60.203125 151.890625 411.671875 17606.65625 25412.28125 30876.21875 9.0 36.2863 -94.9131 50684300.0
 60.203125 151.890625 411.671875 17606.65625 25412.28125 30876.21875 9.0 36.2863 -94.9131 50684300.0
 60.203125 151.890625 411.671875 17606.65625 25412.28125 30876.21875 9.0 36.2863 -94.9131 50684300.0
 60.203125 151.890625 411.671875 17606.65625 25412.28125 30876.21875 9.0 36.2863 -94.9131 50684300.0
 60.203125 151.890625 411.671875 17606.65625 25412.28125 30876.21875 9.0 36.2863 -94.9131 50684300.0
 60.203125 151.890625 411.671875 17606.65625 25412.28125 30876.21875 9.0 36.2863 -94.9131 50684300.0
 60.203125 151.890625 411.671875 17606.65625 25412.28125 30876.21875 9.0 36.2863 -94.9131 50684300.0
 60.203125 151.890625 411.671875 17606.65625 25412.28125 30876.21875 9.0 36.2863 -94.9131 50684300.0
 60.203125 151.890625 411.671875 17606.65625 25412.28125 30876.21875 9.0 36.2863 -94.9131 50684300.0
 60.203125 151.890625 411.671875 17606.65625 25412.28125 30876.21875 9.0 36.2863 -94.9131 50684300.0
 60.203125 151.890625 411.671875 17606.65625 25412.28125 30876.21875 9.0 36.2863 -94.9131 50684300.0
 60.203125 151.890625 411.671875 17606.65625 25412.28125 30876.21875 9.0 36.2863 -94.9131 50684300.0
 60.203125 151.890625 411.671875 17606.65625 25412.28125 30876.21875 9.0 36.2863 -94.9131 50684300.0
 60.203125 151.890625 411.671875 17606.65625 25412.28125 30876.21875 9.0 36.2863 -94.9131 50684300.0
 60.203125 151.890625 411.671875 17606.65625 25412.28125 30876.21875 9.0 36.2863 -94.9131 50684300.0
 60.203125 151.890625 411.671875 17606.65625 25412.28125 30876.21875 9.0 36.2863 -94.9131 50684300.0
 60.203125 151.890625 411.671875 17606.65625 25412.28125 30876.21875 9.0 36.2863 -94.9131 50684300.0
 60.203125 151.890625 411.671875 17606.65625 25412.28125 30876.21875 9.0 36.2863 -94.9131 50684300.0
 60.203125 151.890625 411.671875 17606.65625 25412.28125 30876.21875 9.0 36.2863 -94.9131 50684300.0
 60.203125 151.890625 411.671875 17606.65625 25412.28125 30876.21875 9.0 36.2863 -94.9131 50684300.0
 60.203125 151.890625 411.671875 17606.65625 25412.28125 30876.21875 9.0 36.2863 -94.9131 50684300.0
 60.203125 151.890625 411.671875 17606.65625 25412.28125 30876.21875 9.0 36.2863 -94.9131 50684300.0
 60.203125 151.890625 411.671875 17606.65625 25412.28125 30876.21875 9.0 36.2863 -94.9131 50684300.0
 60.203125 151.890625 411.671875 17606.65625 25412.28125 30876.21875 9.0 36.2863 -94.9131 50684300.0
 60.203125 151.890625 411.671875 17606.65625 25412.28125 30876.21875 9.0 36.2863 -94.9131 50684300.0
 60.203125 151.890625 411.671875 17606.65625 25412.28125 30876.21875 9.0 36.2863 -94.9131 50684300.0
 60.203125 151.890625 411.671875 17606.65625 25412.28125 30876.21875 9.0 36.2863 -94.9131 50684300.0
 60.203125 151.890625 411.671875 17606.65625 25412.28125 30876.21875 9.0 36.2863 -94.9131 50684300.0
 60.203125 151.890625 411.671875 17606.65625 25412.28125 30876.21875 9.0 36.2863 -94.9131 50684300.0
 60.203125 151.890625 411.671875 17606.65625 25412.28125 30876.21875 9.0 36.2863 -94.9131 50684300.0
 60.203125 151.890625 411.671875 17606.65625 25412.28125 30876.21875 9.0 36.2863 -94.9131 50684300.0
 60.203125 151.890625 411.671875 17606.65625 25412.28125 30876.21875 9.0 36.2863 -94.9131 50684300.0
 60.203125 151.890625 411.671875 17606.65625 25412.28125 30876.21875 9.0 36.2863 -94.9131 50684300.0
 60.203125 151.890625 411.671875 17606.65625 25412.28125 30876.21875 9.0 36.2863 -94.9131 50684300.0
 60.203125 151.890625 411.671875 17606.65625 25412.28125 30876.21875 9.0 36.2863 -94.9131 50684300.0
 60.203125 151.890625 411.671875 17606.65625 25412.28125 30876.21875 9.0 36.2863 -94.9131 50684300.0
 60.203125 151.890625 411.671875 17606.65625 25412.28125 30876.21875 9.0 36.2863 -94.9131 50684300.0
 60.203125 151.890625 411.671875 17606.65625 25412.28125 30876.21875 9.0 36.2863 -94.9131 50684300.0
 60.203125 151.890625 411.671875 17606.65625 25412.28125 30876.21875 9.0 36.2863 -94.9131 50684300.0
 60.203125 151.890625 411.671875 17606.65625 25412.28125 30876.21875 9.0 36.2863 -94.9131 50684300.0
 60.203125 151.890625 411.671875 17606.65625 25412.28125 30876.21875 9.0 36.2863 -94.9131 50684300.0
 60.203125 151.890625 411.671875 17606.65625 25412.28125 30876.21875 9.0 36.2863 -94.9131 50684300.0
 60.203125 151.890625 411.671875 17606.65625 25412.28125 30876.21875 9.0 36.2863 -94.9131 50684300.0
 60.203125 151.890625 411.671875 17606.65625 25412.28125 30876.21875 9.0 36.2863 -94.9131 50684300.0
 60.203125 151.890625 411.671875 17606.65625 25412.28125 30876.21875 9.0 36.2863 -94.9131 50684300.0
 60.203125 151.890625 411.671875 17606.65625 25412.28125 30876.21875 9.0 36.2863 -94.9131 50684300.0
 60.203125 151.890625 411.671875 17606.65625 25412.28125 30876.21875 9.0 36.2863 -94.9131 50684300.0
 60.203125 151.890625 411.671875 17606.65625 25412.28125 30876.21875 9.0 36.2863 -94.9131 50684300.0
 60.203125 151.890625 411.671875 17606.65625 25412.28125 30876.21875 9.0 36.2863 -94.9131 50684300.0
 60.203125 151.890625 411.671875 17606.65625 25412.28125 30876.21875 9.0 36.2863 -94.9131 50684300.0
 60.203125 151.890625 411.671875 17606.65625 25412.28125 30876.21875 9.0 36.2863 -94.9131 50684300.0
 60.203125 151.890625 411.671875 17606.65625 25412.28125 30876.21875 9.0 36.2863 -94.9131 50684300.0
 60.203125 151.890625 411.671875 17606.65625 25412.28125 30876.21875 9.0 36.2863 -94.9131 50684300.0
 60.203125 151.890625 411.671875 17606.65625 25412.28125 30876.21875 9.0 36.2863 -94.9131 50684300.0
 60.203125 151.890625 411.671875 17606.65625 25412.28125 30876.21875 9.0 36.2863 -94.9131 50684300.0
 60.203125 151.890625 411.671875 17606.65625 25412.28125 30876.21875 9.0 36.2863 -94.9131 50684300.0
 60.203125 151.890625 411.671875 17606.65625 25412.28125 30876.21875 9.0 36.2863 -94.9131 50684300.0
 60.203125 151.890625 411.671875 17606.65625 25412.28125 30876.21875 9.0 36.2863 -94.9131 50684300.0
 60.203125 151.890625 411.671875 17606.65625 25412.28125 30876.21875 9.0 36.2863 -94.9131 50684300.0
 60.203125 151.890625 411.671875 17606.65625 25412.28125 30876.21875 9.0 36.2863 -94.9131 50684300.0
 60.203125 151.890625 411.671875 17606.65625 25412.28125 30876.21875 9.0 36.2863 -94.9131 50684300.0
 60.203125 151.890625 411.671875 17606.65625 25412.28125 30876.21875 9.0 36.2863 -94.9131 50684300.0
 60.203125 151.890625 411.671875 17606.65625 25412.28125 30876.21875 9.0 36.2863 -94.9131 50684300.0
 60.203125 151.890625 411.671875 17606.65625 25412.28125 30876.21875 9.0 36.2863 -94.9131 50684300.0
 60.203125 151.890625 411.671875 17606.65625 25412.28125 30876.21875 9.0 36.2863 -94.9131 50684300.0
 60.203125 151.890625 411.671875 17606.65625 25412.28125 30876.21875 9.0 36.2863 -94.9131 50684300.0
 60.203125 151.890625 411.671875 17606.65625 25412.28125 30876.21875 9.0 36.2863 -94.9131 50684300.0
 60.203125 151.890625 411.671875 17606.65625 25412.28125 30876.21875 9.0 36.2863 -94.9131 50684300.0
 60.203125 151.890625 411.671875 17606.65625 25412.28125 30876.21875 9.0 36.2863 -94.9131 50684300.0
 60.203125 151.890625 411.671875 17606.65625 25412.28125 30876.21875 9.0 36.2863 -94.9131 50684300.0
 60.203125 151.890625 411.671875 17606.65625 25412.28125 30876.21875 9.0 36.2863 -94.9131 50684300.0
 60.203125 151.890625 411.671875 17606.65625 25412.28125 30876.21875 9.0 36.2863 -94.9131 50684300.0
 60.203125 151.890625 411.671875 17606.65625 25412.28125 30876.21875 9.0 36.2863 -94.9131 50684300.0
 60.203125 151.890625 411.671875 17606.65625 25412.28125 30876.21875 9.0 36.2863 -94.9131 50684300.0
 60.203125 151.890625 411.671875 17606.65625 25412.28125 30876.21875 9.0 36.2863 -94.9131 50684300.0
 60.203125 151.890625 411.671875 17606.65625 25412.28125 30876.21875 9.0 36.2863 -94.9131 50684300.0
 60.203125 151.890625 411.671875 17606.65625 25412.28125 30876.21875 9.0 36.2863 -94.9131 50684300.0
 60.203125 151.890625 411.671875 17606.65625 25412.28125 30876.21875 9.0 36.2863 -94.9131 50684300.0
 60.203125 151.890625 411.671875 17606.65625 25412.28125 30876.21875 9.0 36.2863 -94.9131 50684300.0
 60.203125 151.890625 411.671875 17606.65625 25412.28125 30876.21875 9.0 36.2863 -94.9131 50684300.0
 60.203125 151.890625 411.671875 17606.65625 25412.28125 30876.21875 9.0 36.2863 -94.9131 50684300.0
 60.203125 151.890625 411.671875 17606.65625 25412.28125 30876.21875 9.0 36.2863 -94.9131 50684300.0
 60.203125 151.890625 411.671875 17606.65625 25412.28125 30876.21875 9.0 36.2863 -94.9131 50684300.0
 60.203125 151.890625 411.671875 17606.65625 25412.28125 30876.21875 9.0 36.2863 -94.9131 50684300.0
 60.203125 151.890625 411.671875 17606.65625 25412.28125 30876.21875 9.0 36.2863 -94.9131 50684300.0
 60.203125 151.890625 411.671875 17606.65625 25412.28125 30876.21875 9.0 36.2863 -94.9131 50684300.0
 60.203125 151.890625 411.671875 17606.65625 25412.28125 30876.21875 9.0 36.2863 -94.9131 50684300.0
 60.203125 151.890625 411.671875 17606.65625 25412.28125 30876.21875 9.0 36.2863 -94.9131 50684300.0
 60.203125 151.890625 411.671875 17606.65625 25412.28125 30876.21875 9.0 36.2863 -94.9131 50684300.0
 60.203125 151.890625 411.671875 17606.65625 25412.28125 30876.21875 9.0 36.2863 -94.9131 50684300.0
 60.203125 151.890625 411.671875 17606.65625 25412.28125 30876.21875 9.0 36.2863 -94.9131 50684300.0
 60.203125 151.890625 411.671875 17606.65625 25412.28125 30876.21875 9.0 36.2863 -94.9131 50684300.0
 60.203125 151.890625 411.671875 17606.65625 25412.28125 30876.21875 9.0 36.2863 -94.9131 50684300.0
 60.203125 151.890625 411.671875 17606.65625 25412.28125 30876.21875 9.0 36.2863 -94.9131 50684300.0
 60.203125 151.890625 411.671875 17606.65625 25412.28125 30876.21875 9.0 36.2863 -94.9131 50684300.0
 60.203125 151.890625 411.671875 17606.65625 25412.28125 30876.21875 9.0 36.2863 -94.9131 50684300.0
 60.203125 151.890625 411.671875 17606.65625 25412.28125 30876.21875 9.0 36.2863 -94.9131 50684300.0
 60.203125 151.890625 411.671875 17606.65625 25412.28125 30876.21875 9.0 36.2863 -94.9131 50684300.0
 60.203125 151.890625 411.671875 17606.65625 25412.28125 30876.21875 9.0 36.2863 -94.9131 50684300.0
 60.203125 151.890625 411.671875 17606.65625 25412.28125 30876.21875 9.0 36.2863 -94.9131 50684300.0
 60.203125 151.890625 411.671875 17606.65625 25412.28125 30876.21875 9.0 36.2863 -94.9131 50684300.0
 60.203125 151.890625 411.671875 17606.65625 25412.28125 30876.21875 9.0 36.2863 -94.9131 50684300.0
 60.203125 151.890625 411.671875 17606.65625 25412.28125 30876.21875 9.0 36.2863 -94.9131 50684300.0
 60.203125 151.890625 411.671875 17606.65625 25412.28125 30876.21875 9.0 36.2863 -94.9131 50684300.0
 60.203125 151.890625 411.671875 17606.65625 25412.28125 30876.21875 9.0 36.2863 -94.9131 50684300.0
 60.203125 151.890625 411.671875 17606.65625 25412.28125 30876.21875 9.0 36.2863 -94.9131 50684300.0
 60.203125 151.890625 411.671875 17606.65625 25412.28125 30876.21875 9.0 36.2863 -94.9131 50684300.0
 60.203125 151.890625 411.671875 17606.65625 25412.28125 30876.21875 9.0 36.2863 -94.9131 50684300.0
 60.203125 151.890625 411.671875 17606.65625 25412.28125 30876.21875 9.0 36.2863 -94.9131 50684300.0
 60.203125 151.890625 411.671875 17606.65625 25412.28125 30876.21875 9.0 36.2863 -94.9131 50684300.0
 60.203125 151.890625 411.671875 17606.65625 25412.28125 30876.21875 9.0 36.2863 -94.9131 50684300.0
 60.203125 151.890625 411.671875 17606.65625 25412.28125 30876.21875 9.0 36.2863 -94.9131 50684300.0
 60.203125 151.890625 411.671875 17606.65625 25412.28125 30876.21875 9.0 36.2863 -94.9131 50684300.0
 60.203125 151.890625 411.671875 17606.65625 25412.28125 30876.21875 9.0 36.2863 -94.9131 50684300.0
 60.203125 151.890625 411.671875 17606.65625 25412.28125 30876.21875 9.0 36.2863 -94.9131 50684300.0
 60.203125 151.890625 411.671875 17606.65625 25412.28125 30876.21875 9.0 36.2863 -94.9131 50684300.0
 60.203125 151.890625 411.671875 17606.65625 25412.28125 30876.21875 9.0 36.2863 -94.9131 50684300.0
 60.203125 151.890625 411.671875 17606.65625 25412.28125 30876.21875 9.0 36.2863 -94.9131 50684300.0
 120.95632990225097 101.81243483878178 774.0707876667396 37276.65403292029 10479.465984309787 17078.28898618187 15.0 40.4549 -94.0579 57174800.0
 120.95632990225097 101.81243483878178 774.0707876667396 37276.65403292029 10479.465984309787 17078.28898618187 15.0 40.4549 -94.0579 57174800.0
 124.60992829044746 102.12789929853791 781.8242733951488 39224.32518313442 10476.72716409602 17150.097154360574 16.0 40.5887 -94.2636 59121900.0
 124.60992829044746 102.12789929853791 781.8242733951488 39224.32518313442 10476.72716409602 17150.097154360574 16.0 40.5887 -94.2636 59121900.0
 124.60992829044746 102.12789929853791 781.8242733951488 39224.32518313442 10476.72716409602 17150.097154360574 16.0 40.5887 -94.2636 59121900.0
 130.38198681742503 112.62858050624891 850.3368270054935 42518.98269449938 10471.55836326092 16008.366871866603 17.0 41.3471 -94.8649 60867200.0
 130.38198681742503 112.62858050624891 850.3368270054935 42518.98269449938 10471.55836326092 16008.366871866603 17.0 41.3471 -94.8649 60867200.0
 130.38198681742503 112.62858050624891 850.3368270054935 42518.98269449938 10471.55836326092 16008.366871866603 17.0 41.3471 -94.8649 60867200.0
 130.38198681742503 112.62858050624891 850.3368270054935 42518.98269449938 10471.55836326092 16008.366871866603 17.0 41.3471 -94.8649 60867200.0
 130.38198681742503 112.62858050624891 850.3368270054935 42518.98269449938 10471.55836326092 16008.366871866603 17.0 41.3471 -94.8649 60867200.0
 130.38198681742503 112.62858050624891 850.3368270054935 42518.98269449938 10471.55836326092 16008.366871866603 17.0 41.3471 -94.8649 60867200.0
 130.38198681742503 112.62858050624891 850.3368270054935 42518.98269449938 10471.55836326092 16008.366871866603 17.0 41.3471 -94.8649 60867200.0
 130.38198681742503 112.62858050624891 850.3368270054935 42518.98269449938 10471.55836326092 16008.366871866603 17.0 41.3471 -94.8649 60867200.0
 130.38198681742503 112.62858050624891 850.3368270054935 42518.98269449938 10471.55836326092 16008.366871866603 17.0 41.3471 -94.8649 60867200.0
 130.38198681742503 112.62858050624891 850.3368270054935 42518.98269449938 10471.55836326092 16008.366871866603 17.0 41.3471 -94.8649 60867200.0
 130.38198681742503 112.62858050624891 850.3368270054935 42518.98269449938 10471.55836326092 16008.366871866603 17.0 41.3471 -94.8649 60867200.0
 130.38198681742503 112.62858050624891 850.3368270054935 42518.98269449938 10471.55836326092 16008.366871866603 17.0 41.3471 -94.8649 60867200.0
 130.38198681742503 112.62858050624891 850.3368270054935 42518.98269449938 10471.55836326092 16008.366871866603 17.0 41.3471 -94.8649 60867200.0
 130.38198681742503 112.62858050624891 850.3368270054935 42518.98269449938 10471.55836326092 16008.366871866603 17.0 41.3471 -94.8649 60867200.0
 130.38198681742503 112.62858050624891 850.3368270054935 42518.98269449938 10471.55836326092 16008.366871866603 17.0 41.3471 -94.8649 60867200.0
 130.38198681742503 112.62858050624891 850.3368270054935 42518.98269449938 10471.55836326092 16008.366871866603 17.0 41.3471 -94.8649 60867200.0
 130.38198681742503 112.62858050624891 850.3368270054935 42518.98269449938 10471.55836326092 16008.366871866603 17.0 41.3471 -94.8649 60867200.0
 130.38198681742503 112.62858050624891 850.3368270054935 42518.98269449938 10471.55836326092 16008.366871866603 17.0 41.3471 -94.8649 60867200.0
 130.38198681742503 112.62858050624891 850.3368270054935 42518.98269449938 10471.55836326092 16008.366871866603 17.0 41.3471 -94.8649 60867200.0
 130.38198681742503 112.62858050624891 850.3368270054935 42518.98269449938 10471.55836326092 16008.366871866603 17.0 41.3471 -94.8649 60867200.0
 130.38198681742503 112.62858050624891 850.3368270054935 42518.98269449938 10471.55836326092 16008.366871866603 17.0 41.3471 -94.8649 60867200.0
 130.38198681742503 112.62858050624891 850.3368270054935 42518.98269449938 10471.55836326092 16008.366871866603 17.0 41.3471 -94.8649 60867200.0
 130.38198681742503 112.62858050624891 850.3368270054935 42518.98269449938 10471.55836326092 16008.366871866603 17.0 41.3471 -94.8649 60867200.0
 130.38198681742503 112.62858050624891 850.3368270054935 42518.98269449938 10471.55836326092 16008.366871866603 17.0 41.3471 -94.8649 60867200.0
 130.38198681742503 112.62858050624891 850.3368270054935 42518.98269449938 10471.55836326092 16008.366871866603 17.0 41.3471 -94.8649 60867200.0
 130.38198681742503 112.62858050624891 850.3368270054935 42518.98269449938 10471.55836326092 16008.366871866603 17.0 41.3471 -94.8649 60867200.0
 130.38198681742503 112.62858050624891 850.3368270054935 42518.98269449938 10471.55836326092 16008.366871866603 17.0 41.3471 -94.8649 60867200.0
 130.38198681742503 112.62858050624891 850.3368270054935 42518.98269449938 10471.55836326092 16008.366871866603 17.0 41.3471 -94.8649 60867200.0
 130.38198681742503 112.62858050624891 850.3368270054935 42518.98269449938 10471.55836326092 16008.366871866603 17.0 41.3471 -94.8649 60867200.0
 130.38198681742503 112.62858050624891 850.3368270054935 42518.98269449938 10471.55836326092 16008.366871866603 17.0 41.3471 -94.8649 60867200.0
 130.38198681742503 112.62858050624891 850.3368270054935 42518.98269449938 10471.55836326092 16008.366871866603 17.0 41.3471 -94.8649 60867200.0
 130.38198681742503 112.62858050624891 850.3368270054935 42518.98269449938 10471.55836326092 16008.366871866603 17.0 41.3471 -94.8649 60867200.0
 130.38198681742503 112.62858050624891 850.3368270054935 42518.98269449938 10471.55836326092 16008.366871866603 17.0 41.3471 -94.8649 60867200.0
 130.38198681742503 112.62858050624891 850.3368270054935 42518.98269449938 10471.55836326092 16008.366871866603 17.0 41.3471 -94.8649 60867200.0
 130.38198681742503 112.62858050624891 850.3368270054935 42518.98269449938 10471.55836326092 16008.366871866603 17.0 41.3471 -94.8649 60867200.0
 130.38198681742503 112.62858050624891 850.3368270054935 42518.98269449938 10471.55836326092 16008.366871866603 17.0 41.3471 -94.8649 60867200.0
 130.38198681742503 112.62858050624891 850.3368270054935 42518.98269449938 10471.55836326092 16008.366871866603 17.0 41.3471 -94.8649 60867200.0
 130.38198681742503 112.62858050624891 850.3368270054935 42518.98269449938 10471.55836326092 16008.366871866603 17.0 41.3471 -94.8649 60867200.0
 130.38198681742503 112.62858050624891 850.3368270054935 42518.98269449938 10471.55836326092 16008.366871866603 17.0 41.3471 -94.8649 60867200.0
 130.38198681742503 112.62858050624891 850.3368270054935 42518.98269449938 10471.55836326092 16008.366871866603 17.0 41.3471 -94.8649 60867200.0
 130.38198681742503 112.62858050624891 850.3368270054935 42518.98269449938 10471.55836326092 16008.366871866603 17.0 41.3471 -94.8649 60867200.0
 130.38198681742503 112.62858050624891 850.3368270054935 42518.98269449938 10471.55836326092 16008.366871866603 17.0 41.3471 -94.8649 60867200.0
 130.38198681742503 112.62858050624891 850.3368270054935 42518.98269449938 10471.55836326092 16008.366871866603 17.0 41.3471 -94.8649 60867200.0
 130.38198681742503 112.62858050624891 850.3368270054935 42518.98269449938 10471.55836326092 16008.366871866603 17.0 41.3471 -94.8649 60867200.0
 130.38198681742503 112.62858050624891 850.3368270054935 42518.98269449938 10471.55836326092 16008.366871866603 17.0 41.3471 -94.8649 60867200.0
 130.38198681742503 112.62858050624891 850.3368270054935 42518.98269449938 10471.55836326092 16008.366871866603 17.0 41.3471 -94.8649 60867200.0
 130.38198681742503 112.62858050624891 850.3368270054935 42518.98269449938 10471.55836326092 16008.366871866603 17.0 41.3471 -94.8649 60867200.0
 130.38198681742503 112.62858050624891 850.3368270054935 42518.98269449938 10471.55836326092 16008.366871866603 17.0 41.3471 -94.8649 60867200.0
 130.38198681742503 112.62858050624891 850.3368270054935 42518.98269449938 10471.55836326092 16008.366871866603 17.0 41.3471 -94.8649 60867200.0
 130.38198681742503 112.62858050624891 850.3368270054935 42518.98269449938 10471.55836326092 16008.366871866603 17.0 41.3471 -94.8649 60867200.0
 130.38198681742503 112.62858050624891 850.3368270054935 42518.98269449938 10471.55836326092 16008.366871866603 17.0 41.3471 -94.8649 60867200.0
 130.38198681742503 112.62858050624891 850.3368270054935 42518.98269449938 10471.55836326092 16008.366871866603 17.0 41.3471 -94.8649 60867200.0
 130.38198681742503 112.62858050624891 850.3368270054935 42518.98269449938 10471.55836326092 16008.366871866603 17.0 41.3471 -94.8649 60867200.0
 130.38198681742503 112.62858050624891 850.3368270054935 42518.98269449938 10471.55836326092 16008.366871866603 17.0 41.3471 -94.8649 60867200.0
 130.38198681742503 112.62858050624891 850.3368270054935 42518.98269449938 10471.55836326092 16008.366871866603 17.0 41.3471 -94.8649 60867200.0
 130.38198681742503 112.62858050624891 850.3368270054935 42518.98269449938 10471.55836326092 16008.366871866603 17.0 41.3471 -94.8649 60867200.0
 130.38198681742503 112.62858050624891 850.3368270054935 42518.98269449938 10471.55836326092 16008.366871866603 17.0 41.3471 -94.8649 60867200.0
 130.38198681742503 112.62858050624891 850.3368270054935 42518.98269449938 10471.55836326092 16008.366871866603 17.0 41.3471 -94.8649 60867200.0
 130.38198681742503 112.62858050624891 850.3368270054935 42518.98269449938 10471.55836326092 16008.366871866603 17.0 41.3471 -94.8649 60867200.0
 130.38198681742503 112.62858050624891 850.3368270054935 42518.98269449938 10471.55836326092 16008.366871866603 17.0 41.3471 -94.8649 60867200.0
 130.38198681742503 112.62858050624891 850.3368270054935 42518.98269449938 10471.55836326092 16008.366871866603 17.0 41.3471 -94.8649 60867200.0
 130.38198681742503 112.62858050624891 850.3368270054935 42518.98269449938 10471.55836326092 16008.366871866603 17.0 41.3471 -94.8649 60867200.0
 130.38198681742503 112.62858050624891 850.3368270054935 42518.98269449938 10471.55836326092 16008.366871866603 17.0 41.3471 -94.8649 60867200.0
 130.38198681742503 112.62858050624891 850.3368270054935 42518.98269449938 10471.55836326092 16008.366871866603 17.0 41.3471 -94.8649 60867200.0
 130.38198681742503 112.62858050624891 850.3368270054935 42518.98269449938 10471.55836326092 16008.366871866603 17.0 41.3471 -94.8649 60867200.0
 130.38198681742503 112.62858050624891 850.3368270054935 42518.98269449938 10471.55836326092 16008.366871866603 17.0 41.3471 -94.8649 60867200.0
 130.38198681742503 112.62858050624891 850.3368270054935 42518.98269449938 10471.55836326092 16008.366871866603 17.0 41.3471 -94.8649 60867200.0
 130.38198681742503 112.62858050624891 850.3368270054935 42518.98269449938 10471.55836326092 16008.366871866603 17.0 41.3471 -94.8649 60867200.0
 130.38198681742503 112.62858050624891 850.3368270054935 42518.98269449938 10471.55836326092 16008.366871866603 17.0 41.3471 -94.8649 60867200.0
 130.38198681742503 112.62858050624891 850.3368270054935 42518.98269449938 10471.55836326092 16008.366871866603 17.0 41.3471 -94.8649 60867200.0
 130.38198681742503 112.62858050624891 850.3368270054935 42518.98269449938 10471.55836326092 16008.366871866603 17.0 41.3471 -94.8649 60867200.0
 130.38198681742503 112.62858050624891 850.3368270054935 42518.98269449938 10471.55836326092 16008.366871866603 17.0 41.3471 -94.8649 60867200.0
 130.38198681742503 112.62858050624891 850.3368270054935 42518.98269449938 10471.55836326092 16008.366871866603 17.0 41.3471 -94.8649 60867200.0
 130.38198681742503 112.62858050624891 850.3368270054935 42518.98269449938 10471.55836326092 16008.366871866603 17.0 41.3471 -94.8649 60867200.0
 130.38198681742503 112.62858050624891 850.3368270054935 42518.98269449938 10471.55836326092 16008.366871866603 17.0 41.3471 -94.8649 60867200.0
 130.38198681742503 112.62858050624891 850.3368270054935 42518.98269449938 10471.55836326092 16008.366871866603 17.0 41.3471 -94.8649 60867200.0
 130.38198681742503 112.62858050624891 850.3368270054935 42518.98269449938 10471.55836326092 16008.366871866603 17.0 41.3471 -94.8649 60867200.0
 130.38198681742503 112.62858050624891 850.3368270054935 42518.98269449938 10471.55836326092 16008.366871866603 17.0 41.3471 -94.8649 60867200.0
 130.38198681742503 112.62858050624891 850.3368270054935 42518.98269449938 10471.55836326092 16008.366871866603 17.0 41.3471 -94.8649 60867200.0
 130.38198681742503 112.62858050624891 850.3368270054935 42518.98269449938 10471.55836326092 16008.366871866603 17.0 41.3471 -94.8649 60867200.0
 130.38198681742503 112.62858050624891 850.3368270054935 42518.98269449938 10471.55836326092 16008.366871866603 17.0 41.3471 -94.8649 60867200.0
 130.38198681742503 112.62858050624891 850.3368270054935 42518.98269449938 10471.55836326092 16008.366871866603 17.0 41.3471 -94.8649 60867200.0
 130.38198681742503 112.62858050624891 850.3368270054935 42518.98269449938 10471.55836326092 16008.366871866603 17.0 41.3471 -94.8649 60867200.0
 130.38198681742503 112.62858050624891 850.3368270054935 42518.98269449938 10471.55836326092 16008.366871866603 17.0 41.3471 -94.8649 60867200.0
 130.38198681742503 112.62858050624891 850.3368270054935 42518.98269449938 10471.55836326092 16008.366871866603 17.0 41.3471 -94.8649 60867200.0
 130.38198681742503 112.62858050624891 850.3368270054935 42518.98269449938 10471.55836326092 16008.366871866603 17.0 41.3471 -94.8649 60867200.0
 130.38198681742503 112.62858050624891 850.3368270054935 42518.98269449938 10471.55836326092 16008.366871866603 17.0 41.3471 -94.8649 60867200.0
 130.38198681742503 112.62858050624891 850.3368270054935 42518.98269449938 10471.55836326092 16008.366871866603 17.0 41.3471 -94.8649 60867200.0
 130.38198681742503 112.62858050624891 850.3368270054935 42518.98269449938 10471.55836326092 16008.366871866603 17.0 41.3471 -94.8649 60867200.0
 130.38198681742503 112.62858050624891 850.3368270054935 42518.98269449938 10471.55836326092 16008.366871866603 17.0 41.3471 -94.8649 60867200.0
 130.38198681742503 112.62858050624891 850.3368270054935 42518.98269449938 10471.55836326092 16008.366871866603 17.0 41.3471 -94.8649 60867200.0
 130.38198681742503 112.62858050624891 850.3368270054935 42518.98269449938 10471.55836326092 16008.366871866603 17.0 41.3471 -94.8649 60867200.0
 130.38198681742503 112.62858050624891 850.3368270054935 42518.98269449938 10471.55836326092 16008.366871866603 17.0 41.3471 -94.8649 60867200.0
 130.38198681742503 112.62858050624891 850.3368270054935 42518.98269449938 10471.55836326092 16008.366871866603 17.0 41.3471 -94.8649 60867200.0
 130.38198681742503 112.62858050624891 850.3368270054935 42518.98269449938 10471.55836326092 16008.366871866603 17.0 41.3471 -94.8649 60867200.0
 130.38198681742503 112.62858050624891 850.3368270054935 42518.98269449938 10471.55836326092 16008.366871866603 17.0 41.3471 -94.8649 60867200.0
 130.38198681742503 112.62858050624891 850.3368270054935 42518.98269449938 10471.55836326092 16008.366871866603 17.0 41.3471 -94.8649 60867200.0
 130.38198681742503 112.62858050624891 850.3368270054935 42518.98269449938 10471.55836326092 16008.366871866603 17.0 41.3471 -94.8649 60867200.0
 130.38198681742503 112.62858050624891 850.3368270054935 42518.98269449938 10471.55836326092 16008.366871866603 17.0 41.3471 -94.8649 60867200.0
 130.38198681742503 112.62858050624891 850.3368270054935 42518.98269449938 10471.55836326092 16008.366871866603 17.0 41.3471 -94.8649 60867200.0
 130.38198681742503 112.62858050624891 850.3368270054935 42518.98269449938 10471.55836326092 16008.366871866603 17.0 41.3471 -94.8649 60867200.0
 130.38198681742503 112.62858050624891 850.3368270054935 42518.98269449938 10471.55836326092 16008.366871866603 17.0 41.3471 -94.8649 60867200.0
 130.38198681742503 112.62858050624891 850.3368270054935 42518.98269449938 10471.55836326092 16008.366871866603 17.0 41.3471 -94.8649 60867200.0
 130.38198681742503 112.62858050624891 850.3368270054935 42518.98269449938 10471.55836326092 16008.366871866603 17.0 41.3471 -94.8649 60867200.0
 130.38198681742503 112.62858050624891 850.3368270054935 42518.98269449938 10471.55836326092 16008.366871866603 17.0 41.3471 -94.8649 60867200.0
 130.38198681742503 112.62858050624891 850.3368270054935 42518.98269449938 10471.55836326092 16008.366871866603 17.0 41.3471 -94.8649 60867200.0
 130.38198681742503 112.62858050624891 850.3368270054935 42518.98269449938 10471.55836326092 16008.366871866603 17.0 41.3471 -94.8649 60867200.0
 130.38198681742503 112.62858050624891 850.3368270054935 42518.98269449938 10471.55836326092 16008.366871866603 17.0 41.3471 -94.8649 60867200.0
 130.38198681742503 112.62858050624891 850.3368270054935 42518.98269449938 10471.55836326092 16008.366871866603 17.0 41.3471 -94.8649 60867200.0
 130.38198681742503 112.62858050624891 850.3368270054935 42518.98269449938 10471.55836326092 16008.366871866603 17.0 41.3471 -94.8649 60867200.0
 130.38198681742503 112.62858050624891 850.3368270054935 42518.98269449938 10471.55836326092 16008.366871866603 17.0 41.3471 -94.8649 60867200.0
 130.38198681742503 112.62858050624891 850.3368270054935 42518.98269449938 10471.55836326092 16008.366871866603 17.0 41.3471 -94.8649 60867200.0
 130.38198681742503 112.62858050624891 850.3368270054935 42518.98269449938 10471.55836326092 16008.366871866603 17.0 41.3471 -94.8649 60867200.0
 130.38198681742503 112.62858050624891 850.3368270054935 42518.98269449938 10471.55836326092 16008.366871866603 17.0 41.3471 -94.8649 60867200.0
 130.38198681742503 112.62858050624891 850.3368270054935 42518.98269449938 10471.55836326092 16008.366871866603 17.0 41.3471 -94.8649 60867200.0
 130.38198681742503 112.62858050624891 850.3368270054935 42518.98269449938 10471.55836326092 16008.366871866603 17.0 41.3471 -94.8649 60867200.0
 130.38198681742503 112.62858050624891 850.3368270054935 42518.98269449938 10471.55836326092 16008.366871866603 17.0 41.3471 -94.8649 60867200.0
 130.38198681742503 112.62858050624891 850.3368270054935 42518.98269449938 10471.55836326092 16008.366871866603 17.0 41.3471 -94.8649 60867200.0
 130.38198681742503 112.62858050624891 850.3368270054935 42518.98269449938 10471.55836326092 16008.366871866603 17.0 41.3471 -94.8649 60867200.0
 130.38198681742503 112.62858050624891 850.3368270054935 42518.98269449938 10471.55836326092 16008.366871866603 17.0 41.3471 -94.8649 60867200.0
 130.38198681742503 112.62858050624891 850.3368270054935 42518.98269449938 10471.55836326092 16008.366871866603 17.0 41.3471 -94.8649 60867200.0
 130.38198681742503 112.62858050624891 850.3368270054935 42518.98269449938 10471.55836326092 16008.366871866603 17.0 41.3471 -94.8649 60867200.0
 130.38198681742503 112.62858050624891 850.3368270054935 42518.98269449938 10471.55836326092 16008.366871866603 17.0 41.3471 -94.8649 60867200.0
 